rmse_mean: 8.44832144462588e-06
mae_mean: 5.4697855911111405e-06
r2_mean: 0.9996806748238894
