rmse_mean: 8.44832144462588e-06
mae_mean: 5.46978559111114e-06
r2_mean: 0.9996806748238894
