rmse_mean: 2.9510071102733256e-05
mae_mean: 1.5275141333333338e-05
r2_mean: 0.9970022900755616
