rmse_mean: 1.1243686695375222e-05
mae_mean: 6.2046131466667275e-06
r2_mean: 0.9995818697148774
